center,batchNo,controller_code,controller_name,controller_contact,controller_email,controller_pass,district,centerbatch
1051,100,1051100,Tanuj Chavan,1,1,mock,1,1051100
1151,100,1151100,Shubham Shejaval,1,1,mock,1,1151100
1251,100,1251100,Tanuj Chavan,1,1,mock,1,1251100
1351,100,1351100,Shubham Shejaval,1,1,mock,1,1351100
1451,100,1451100,Tanuj Chavan,1,1,mock,1,1451100
1551,100,1551100,Shubham Shejaval,1,1,mock,1,1551100
1552,100,1552100,Tanuj Chavan,1,1,mock,1,1552100
1651,100,1651100,Shubham Shejaval,1,1,mock,1,1651100
2151,100,2151100,Tanuj Chavan,1,1,mock,1,2151100
2251,100,2251100,Shubham Shejaval,1,1,mock,1,2251100
2351,100,2351100,Tanuj Chavan,1,1,mock,1,2351100
3151,100,3151100,Shubham Shejaval,1,1,mock,1,3151100
3152,100,3152100,Tanuj Chavan,1,1,mock,1,3152100
3251,100,3251100,Shubham Shejaval,1,1,mock,1,3251100
3351,100,3351100,Tanuj Chavan,1,1,mock,1,3351100
4151,100,4151100,Shubham Shejaval,1,1,mock,1,4151100
4251,100,4251100,Tanuj Chavan,1,1,mock,1,4251100
4351,100,4351100,Shubham Shejaval,1,1,mock,1,4351100
4451,100,4451100,Tanuj Chavan,1,1,mock,1,4451100
4551,100,4551100,Shubham Shejaval,1,1,mock,1,4551100
5151,100,5151100,Tanuj Chavan,1,1,mock,1,5151100
5152,100,5152100,Shubham Shejaval,1,1,mock,1,5152100
5251,100,5251100,Tanuj Chavan,1,1,mock,1,5251100
5351,100,5351100,Shubham Shejaval,1,1,mock,1,5351100
5451,100,5451100,Tanuj Chavan,1,1,mock,1,5451100
5551,100,5551100,Shubham Shejaval,1,1,mock,1,5551100
6151,100,6151100,Tanuj Chavan,1,1,mock,1,6151100
6251,100,6251100,Shubham Shejaval,1,1,mock,1,6251100
6351,100,6351100,Tanuj Chavan,1,1,mock,1,6351100
6451,100,6451100,Shubham Shejaval,1,1,mock,1,6451100
6551,100,6551100,Tanuj Chavan,1,1,mock,1,6551100
6552,100,6552100,Shubham Shejaval,1,1,mock,1,6552100
7151,100,7151100,Tanuj Chavan,1,1,mock,1,7151100
7251,100,7251100,Shubham Shejaval,1,1,mock,1,7251100
7351,100,7351100,Tanuj Chavan,1,1,mock,1,7351100
7451,100,7451100,Shubham Shejaval,1,1,mock,1,7451100
7551,100,7551100,Tanuj Chavan,1,1,mock,1,7551100
7651,100,7651100,Shubham Shejaval,1,1,mock,1,7651100
8151,100,8151100,Tanuj Chavan,1,1,mock,1,8151100
8251,100,8251100,Shubham Shejaval,1,1,mock,1,8251100
8351,100,8351100,Tanuj Chavan,1,1,mock,1,8351100
1051,101,1051101,Shubham Shejaval,1,1,52465152,1,1051101
1151,101,1151101,Tanuj Chavan,1,1,41444222,1,1151101
1251,101,1251101,Shubham Shejaval,1,1,15141523,1,1251101
1351,101,1351101,Tanuj Chavan,1,1,35452364,1,1351101
1451,101,1451101,Shubham Shejaval,1,1,33116562,1,1451101
1551,101,1551101,Tanuj Chavan,1,1,22141651,1,1551101
1552,101,1552101,Shubham Shejaval,1,1,65325163,1,1552101
1651,101,1651101,Tanuj Chavan,1,1,25516321,1,1651101
2151,101,2151101,Shubham Shejaval,1,1,25615531,1,2151101
2251,101,2251101,Tanuj Chavan,1,1,22143222,1,2251101
2351,101,2351101,Shubham Shejaval,1,1,51565221,1,2351101
3151,101,3151101,Tanuj Chavan,1,1,44646522,1,3151101
3152,101,3152101,Shubham Shejaval,1,1,43142542,1,3152101
3251,101,3251101,Tanuj Chavan,1,1,62143115,1,3251101
3351,101,3351101,Shubham Shejaval,1,1,33253622,1,3351101
4151,101,4151101,Tanuj Chavan,1,1,41361132,1,4151101
4251,101,4251101,Shubham Shejaval,1,1,64162663,1,4251101
4351,101,4351101,Tanuj Chavan,1,1,12613615,1,4351101
4451,101,4451101,Shubham Shejaval,1,1,16325255,1,4451101
4551,101,4551101,Tanuj Chavan,1,1,35314114,1,4551101
5151,101,5151101,Shubham Shejaval,1,1,54262346,1,5151101
5152,101,5152101,Tanuj Chavan,1,1,31124411,1,5152101
5251,101,5251101,Shubham Shejaval,1,1,66263344,1,5251101
5351,101,5351101,Tanuj Chavan,1,1,42464325,1,5351101
5451,101,5451101,Shubham Shejaval,1,1,64431232,1,5451101
5551,101,5551101,Tanuj Chavan,1,1,26531116,1,5551101
6151,101,6151101,Shubham Shejaval,1,1,61233412,1,6151101
6251,101,6251101,Tanuj Chavan,1,1,56253113,1,6251101
6351,101,6351101,Shubham Shejaval,1,1,53115625,1,6351101
6451,101,6451101,Tanuj Chavan,1,1,35462613,1,6451101
6551,101,6551101,Shubham Shejaval,1,1,13326133,1,6551101
6552,101,6552101,Tanuj Chavan,1,1,24441612,1,6552101
7151,101,7151101,Shubham Shejaval,1,1,34451115,1,7151101
7251,101,7251101,Tanuj Chavan,1,1,32316225,1,7251101
7351,101,7351101,Shubham Shejaval,1,1,26115331,1,7351101
7451,101,7451101,Tanuj Chavan,1,1,41136124,1,7451101
7551,101,7551101,Shubham Shejaval,1,1,44112156,1,7551101
7651,101,7651101,Tanuj Chavan,1,1,35314116,1,7651101
8151,101,8151101,Shubham Shejaval,1,1,35161363,1,8151101
8251,101,8251101,Tanuj Chavan,1,1,11151425,1,8251101
8351,101,8351101,Shubham Shejaval,1,1,43325543,1,8351101
1051,102,1051102,Tanuj Chavan,1,1,11661136,1,1051102
1151,102,1151102,Shubham Shejaval,1,1,64626454,1,1151102
1251,102,1251102,Tanuj Chavan,1,1,42352626,1,1251102
1351,102,1351102,Shubham Shejaval,1,1,52326551,1,1351102
1451,102,1451102,Tanuj Chavan,1,1,34144545,1,1451102
1551,102,1551102,Shubham Shejaval,1,1,65344311,1,1551102
1552,102,1552102,Tanuj Chavan,1,1,51255234,1,1552102
1651,102,1651102,Shubham Shejaval,1,1,55426515,1,1651102
2151,102,2151102,Tanuj Chavan,1,1,32414144,1,2151102
2251,102,2251102,Shubham Shejaval,1,1,21123611,1,2251102
2351,102,2351102,Tanuj Chavan,1,1,21161662,1,2351102
3151,102,3151102,Shubham Shejaval,1,1,36133522,1,3151102
3152,102,3152102,Tanuj Chavan,1,1,34126424,1,3152102
3251,102,3251102,Shubham Shejaval,1,1,26535115,1,3251102
3351,102,3351102,Tanuj Chavan,1,1,64126433,1,3351102
4151,102,4151102,Shubham Shejaval,1,1,26664515,1,4151102
4251,102,4251102,Tanuj Chavan,1,1,35323261,1,4251102
4351,102,4351102,Shubham Shejaval,1,1,32235313,1,4351102
4451,102,4451102,Tanuj Chavan,1,1,11533536,1,4451102
4551,102,4551102,Shubham Shejaval,1,1,25315463,1,4551102
5151,102,5151102,Tanuj Chavan,1,1,21314241,1,5151102
5152,102,5152102,Shubham Shejaval,1,1,53351454,1,5152102
5251,102,5251102,Tanuj Chavan,1,1,21324464,1,5251102
5351,102,5351102,Shubham Shejaval,1,1,42351411,1,5351102
5451,102,5451102,Tanuj Chavan,1,1,15122633,1,5451102
5551,102,5551102,Shubham Shejaval,1,1,64351416,1,5551102
6151,102,6151102,Tanuj Chavan,1,1,36325445,1,6151102
6251,102,6251102,Shubham Shejaval,1,1,31226353,1,6251102
6351,102,6351102,Tanuj Chavan,1,1,63255133,1,6351102
6451,102,6451102,Shubham Shejaval,1,1,51135256,1,6451102
6551,102,6551102,Tanuj Chavan,1,1,61414145,1,6551102
6552,102,6552102,Shubham Shejaval,1,1,44231466,1,6552102
7151,102,7151102,Tanuj Chavan,1,1,31552521,1,7151102
7251,102,7251102,Shubham Shejaval,1,1,53154223,1,7251102
7351,102,7351102,Tanuj Chavan,1,1,63234562,1,7351102
7451,102,7451102,Shubham Shejaval,1,1,46454533,1,7451102
7551,102,7551102,Tanuj Chavan,1,1,11256443,1,7551102
7651,102,7651102,Shubham Shejaval,1,1,65121166,1,7651102
8151,102,8151102,Tanuj Chavan,1,1,33432656,1,8151102
8251,102,8251102,Shubham Shejaval,1,1,55133321,1,8251102
8351,102,8351102,Tanuj Chavan,1,1,23151351,1,8351102
1051,103,1051103,Shubham Shejaval,1,1,32323454,1,1051103
1151,103,1151103,Tanuj Chavan,1,1,31353464,1,1151103
1251,103,1251103,Shubham Shejaval,1,1,56436334,1,1251103
1351,103,1351103,Tanuj Chavan,1,1,14533426,1,1351103
1451,103,1451103,Shubham Shejaval,1,1,11224536,1,1451103
1551,103,1551103,Tanuj Chavan,1,1,25331611,1,1551103
1552,103,1552103,Shubham Shejaval,1,1,41211645,1,1552103
1651,103,1651103,Tanuj Chavan,1,1,41456541,1,1651103
2151,103,2151103,Shubham Shejaval,1,1,44224152,1,2151103
2251,103,2251103,Tanuj Chavan,1,1,41312152,1,2251103
2351,103,2351103,Shubham Shejaval,1,1,12524364,1,2351103
3151,103,3151103,Tanuj Chavan,1,1,42362465,1,3151103
3152,103,3152103,Shubham Shejaval,1,1,26624555,1,3152103
3251,103,3251103,Tanuj Chavan,1,1,25146634,1,3251103
3351,103,3351103,Shubham Shejaval,1,1,14324565,1,3351103
4151,103,4151103,Tanuj Chavan,1,1,26122562,1,4151103
4251,103,4251103,Shubham Shejaval,1,1,54122515,1,4251103
4351,103,4351103,Tanuj Chavan,1,1,22216655,1,4351103
4451,103,4451103,Shubham Shejaval,1,1,11456121,1,4451103
4551,103,4551103,Tanuj Chavan,1,1,14522411,1,4551103
5151,103,5151103,Shubham Shejaval,1,1,34233361,1,5151103
5152,103,5152103,Tanuj Chavan,1,1,16632155,1,5152103
5251,103,5251103,Shubham Shejaval,1,1,14165143,1,5251103
5351,103,5351103,Tanuj Chavan,1,1,36344136,1,5351103
5451,103,5451103,Shubham Shejaval,1,1,14415531,1,5451103
5551,103,5551103,Tanuj Chavan,1,1,26363265,1,5551103
6151,103,6151103,Shubham Shejaval,1,1,35451251,1,6151103
6251,103,6251103,Tanuj Chavan,1,1,65166431,1,6251103
6351,103,6351103,Shubham Shejaval,1,1,45121341,1,6351103
6451,103,6451103,Tanuj Chavan,1,1,32341453,1,6451103
6551,103,6551103,Shubham Shejaval,1,1,15543533,1,6551103
6552,103,6552103,Tanuj Chavan,1,1,22661624,1,6552103
7151,103,7151103,Shubham Shejaval,1,1,51354426,1,7151103
7251,103,7251103,Tanuj Chavan,1,1,64361353,1,7251103
7351,103,7351103,Shubham Shejaval,1,1,62516333,1,7351103
7451,103,7451103,Tanuj Chavan,1,1,14266644,1,7451103
7551,103,7551103,Shubham Shejaval,1,1,53253352,1,7551103
7651,103,7651103,Tanuj Chavan,1,1,22265433,1,7651103
8151,103,8151103,Shubham Shejaval,1,1,64411155,1,8151103
8251,103,8251103,Tanuj Chavan,1,1,53641365,1,8251103
8351,103,8351103,Shubham Shejaval,1,1,31442144,1,8351103
1051,104,1051104,Tanuj Chavan,1,1,36642162,1,1051104
1151,104,1151104,Shubham Shejaval,1,1,44166214,1,1151104
1251,104,1251104,Tanuj Chavan,1,1,53436266,1,1251104
1351,104,1351104,Shubham Shejaval,1,1,11663433,1,1351104
1451,104,1451104,Tanuj Chavan,1,1,44211641,1,1451104
1551,104,1551104,Shubham Shejaval,1,1,44426465,1,1551104
1552,104,1552104,Tanuj Chavan,1,1,54645225,1,1552104
1651,104,1651104,Shubham Shejaval,1,1,34453366,1,1651104
2151,104,2151104,Tanuj Chavan,1,1,25424144,1,2151104
2251,104,2251104,Shubham Shejaval,1,1,46136616,1,2251104
2351,104,2351104,Tanuj Chavan,1,1,23655555,1,2351104
3151,104,3151104,Shubham Shejaval,1,1,36264534,1,3151104
3152,104,3152104,Tanuj Chavan,1,1,23125526,1,3152104
3251,104,3251104,Shubham Shejaval,1,1,36644344,1,3251104
3351,104,3351104,Tanuj Chavan,1,1,33125266,1,3351104
4151,104,4151104,Shubham Shejaval,1,1,63316625,1,4151104
4251,104,4251104,Tanuj Chavan,1,1,54333563,1,4251104
4351,104,4351104,Shubham Shejaval,1,1,22626133,1,4351104
4451,104,4451104,Tanuj Chavan,1,1,61565344,1,4451104
4551,104,4551104,Shubham Shejaval,1,1,54435346,1,4551104
5151,104,5151104,Tanuj Chavan,1,1,65352236,1,5151104
5152,104,5152104,Shubham Shejaval,1,1,25444532,1,5152104
5251,104,5251104,Tanuj Chavan,1,1,45443513,1,5251104
5351,104,5351104,Shubham Shejaval,1,1,12465243,1,5351104
5451,104,5451104,Tanuj Chavan,1,1,42143455,1,5451104
5551,104,5551104,Shubham Shejaval,1,1,34446456,1,5551104
6151,104,6151104,Tanuj Chavan,1,1,21615161,1,6151104
6251,104,6251104,Shubham Shejaval,1,1,53415552,1,6251104
6351,104,6351104,Tanuj Chavan,1,1,53464543,1,6351104
6451,104,6451104,Shubham Shejaval,1,1,33463533,1,6451104
6551,104,6551104,Tanuj Chavan,1,1,45432555,1,6551104
6552,104,6552104,Shubham Shejaval,1,1,61315654,1,6552104
7151,104,7151104,Tanuj Chavan,1,1,52464335,1,7151104
7251,104,7251104,Shubham Shejaval,1,1,23435213,1,7251104
7351,104,7351104,Tanuj Chavan,1,1,14613625,1,7351104
7451,104,7451104,Shubham Shejaval,1,1,22446342,1,7451104
7551,104,7551104,Tanuj Chavan,1,1,51561332,1,7551104
7651,104,7651104,Shubham Shejaval,1,1,36413654,1,7651104
8151,104,8151104,Tanuj Chavan,1,1,21116116,1,8151104
8251,104,8251104,Shubham Shejaval,1,1,33556563,1,8251104
8351,104,8351104,Tanuj Chavan,1,1,26111131,1,8351104
1051,105,1051105,Shubham Shejaval,1,1,61656246,1,1051105
1151,105,1151105,Tanuj Chavan,1,1,43252425,1,1151105
1251,105,1251105,Shubham Shejaval,1,1,31531246,1,1251105
1351,105,1351105,Tanuj Chavan,1,1,36354421,1,1351105
1451,105,1451105,Shubham Shejaval,1,1,35161223,1,1451105
1551,105,1551105,Tanuj Chavan,1,1,44661342,1,1551105
1552,105,1552105,Shubham Shejaval,1,1,36231144,1,1552105
1651,105,1651105,Tanuj Chavan,1,1,15224432,1,1651105
2151,105,2151105,Shubham Shejaval,1,1,12162621,1,2151105
2251,105,2251105,Tanuj Chavan,1,1,46335646,1,2251105
2351,105,2351105,Shubham Shejaval,1,1,15132266,1,2351105
3151,105,3151105,Tanuj Chavan,1,1,11531161,1,3151105
3152,105,3152105,Shubham Shejaval,1,1,12612144,1,3152105
3251,105,3251105,Tanuj Chavan,1,1,12433115,1,3251105
3351,105,3351105,Shubham Shejaval,1,1,51432163,1,3351105
4151,105,4151105,Tanuj Chavan,1,1,62146562,1,4151105
4251,105,4251105,Shubham Shejaval,1,1,41561516,1,4251105
4351,105,4351105,Tanuj Chavan,1,1,46133141,1,4351105
4451,105,4451105,Shubham Shejaval,1,1,56131661,1,4451105
4551,105,4551105,Tanuj Chavan,1,1,54542635,1,4551105
5151,105,5151105,Shubham Shejaval,1,1,44261616,1,5151105
5152,105,5152105,Tanuj Chavan,1,1,22544542,1,5152105
5251,105,5251105,Shubham Shejaval,1,1,34216563,1,5251105
5351,105,5351105,Tanuj Chavan,1,1,25215652,1,5351105
5451,105,5451105,Shubham Shejaval,1,1,45446566,1,5451105
5551,105,5551105,Tanuj Chavan,1,1,32525462,1,5551105
6151,105,6151105,Shubham Shejaval,1,1,54351365,1,6151105
6251,105,6251105,Tanuj Chavan,1,1,56631623,1,6251105
6351,105,6351105,Shubham Shejaval,1,1,23331225,1,6351105
6451,105,6451105,Tanuj Chavan,1,1,22635166,1,6451105
6551,105,6551105,Shubham Shejaval,1,1,25634542,1,6551105
6552,105,6552105,Tanuj Chavan,1,1,55346264,1,6552105
7151,105,7151105,Shubham Shejaval,1,1,63423411,1,7151105
7251,105,7251105,Tanuj Chavan,1,1,13552453,1,7251105
7351,105,7351105,Shubham Shejaval,1,1,46665535,1,7351105
7451,105,7451105,Tanuj Chavan,1,1,64452652,1,7451105
7551,105,7551105,Shubham Shejaval,1,1,22246632,1,7551105
7651,105,7651105,Tanuj Chavan,1,1,44146321,1,7651105
8151,105,8151105,Shubham Shejaval,1,1,62162453,1,8151105
8251,105,8251105,Tanuj Chavan,1,1,34313546,1,8251105
8351,105,8351105,Shubham Shejaval,1,1,16364553,1,8351105
1051,201,1051201,Tanuj Chavan,1,1,12552211,1,1051201
1151,201,1151201,Shubham Shejaval,1,1,44434324,1,1151201
1251,201,1251201,Tanuj Chavan,1,1,16462551,1,1251201
1351,201,1351201,Shubham Shejaval,1,1,33236213,1,1351201
1451,201,1451201,Tanuj Chavan,1,1,32616223,1,1451201
1551,201,1551201,Shubham Shejaval,1,1,21453116,1,1551201
1552,201,1552201,Tanuj Chavan,1,1,43235133,1,1552201
1651,201,1651201,Shubham Shejaval,1,1,43136521,1,1651201
2151,201,2151201,Tanuj Chavan,1,1,62413261,1,2151201
2251,201,2251201,Shubham Shejaval,1,1,43431266,1,2251201
2351,201,2351201,Tanuj Chavan,1,1,35552216,1,2351201
3151,201,3151201,Shubham Shejaval,1,1,24115256,1,3151201
3152,201,3152201,Tanuj Chavan,1,1,26223611,1,3152201
3251,201,3251201,Shubham Shejaval,1,1,63345254,1,3251201
3351,201,3351201,Tanuj Chavan,1,1,62455254,1,3351201
4151,201,4151201,Shubham Shejaval,1,1,61424432,1,4151201
4251,201,4251201,Tanuj Chavan,1,1,15236456,1,4251201
4351,201,4351201,Shubham Shejaval,1,1,55131266,1,4351201
4451,201,4451201,Tanuj Chavan,1,1,64613225,1,4451201
4551,201,4551201,Shubham Shejaval,1,1,31521365,1,4551201
5151,201,5151201,Tanuj Chavan,1,1,22331526,1,5151201
5152,201,5152201,Shubham Shejaval,1,1,23232556,1,5152201
5251,201,5251201,Tanuj Chavan,1,1,41623322,1,5251201
5351,201,5351201,Shubham Shejaval,1,1,65425426,1,5351201
5451,201,5451201,Tanuj Chavan,1,1,24143551,1,5451201
5551,201,5551201,Shubham Shejaval,1,1,66563634,1,5551201
6151,201,6151201,Tanuj Chavan,1,1,33165142,1,6151201
6251,201,6251201,Shubham Shejaval,1,1,62221431,1,6251201
6351,201,6351201,Tanuj Chavan,1,1,23234166,1,6351201
6451,201,6451201,Shubham Shejaval,1,1,25261355,1,6451201
6551,201,6551201,Tanuj Chavan,1,1,31531646,1,6551201
6552,201,6552201,Shubham Shejaval,1,1,33463612,1,6552201
7151,201,7151201,Tanuj Chavan,1,1,55311441,1,7151201
7251,201,7251201,Shubham Shejaval,1,1,61125423,1,7251201
7351,201,7351201,Tanuj Chavan,1,1,51416625,1,7351201
7451,201,7451201,Shubham Shejaval,1,1,22154534,1,7451201
7551,201,7551201,Tanuj Chavan,1,1,24265422,1,7551201
7651,201,7651201,Shubham Shejaval,1,1,11151516,1,7651201
8151,201,8151201,Tanuj Chavan,1,1,55543635,1,8151201
8251,201,8251201,Shubham Shejaval,1,1,55245224,1,8251201
8351,201,8351201,Tanuj Chavan,1,1,34531643,1,8351201
1051,202,1051202,Shubham Shejaval,1,1,23531566,1,1051202
1151,202,1151202,Tanuj Chavan,1,1,33532615,1,1151202
1251,202,1251202,Shubham Shejaval,1,1,32326415,1,1251202
1351,202,1351202,Tanuj Chavan,1,1,36225436,1,1351202
1451,202,1451202,Shubham Shejaval,1,1,33255252,1,1451202
1551,202,1551202,Tanuj Chavan,1,1,15635463,1,1551202
1552,202,1552202,Shubham Shejaval,1,1,22255433,1,1552202
1651,202,1651202,Tanuj Chavan,1,1,24123621,1,1651202
2151,202,2151202,Shubham Shejaval,1,1,56423535,1,2151202
2251,202,2251202,Tanuj Chavan,1,1,15652212,1,2251202
2351,202,2351202,Shubham Shejaval,1,1,62111521,1,2351202
3151,202,3151202,Tanuj Chavan,1,1,13463451,1,3151202
3152,202,3152202,Shubham Shejaval,1,1,62543353,1,3152202
3251,202,3251202,Tanuj Chavan,1,1,33625263,1,3251202
3351,202,3351202,Shubham Shejaval,1,1,13251414,1,3351202
4151,202,4151202,Tanuj Chavan,1,1,32534633,1,4151202
4251,202,4251202,Shubham Shejaval,1,1,45241236,1,4251202
4351,202,4351202,Tanuj Chavan,1,1,23434626,1,4351202
4451,202,4451202,Shubham Shejaval,1,1,31265352,1,4451202
4551,202,4551202,Tanuj Chavan,1,1,62531534,1,4551202
5151,202,5151202,Shubham Shejaval,1,1,61514633,1,5151202
5152,202,5152202,Tanuj Chavan,1,1,23426316,1,5152202
5251,202,5251202,Shubham Shejaval,1,1,21312544,1,5251202
5351,202,5351202,Tanuj Chavan,1,1,51126511,1,5351202
5451,202,5451202,Shubham Shejaval,1,1,35122625,1,5451202
5551,202,5551202,Tanuj Chavan,1,1,61235621,1,5551202
6151,202,6151202,Shubham Shejaval,1,1,52414232,1,6151202
6251,202,6251202,Tanuj Chavan,1,1,11534641,1,6251202
6351,202,6351202,Shubham Shejaval,1,1,55316212,1,6351202
6451,202,6451202,Tanuj Chavan,1,1,25344462,1,6451202
6551,202,6551202,Shubham Shejaval,1,1,63263412,1,6551202
6552,202,6552202,Tanuj Chavan,1,1,24243524,1,6552202
7151,202,7151202,Shubham Shejaval,1,1,23226411,1,7151202
7251,202,7251202,Tanuj Chavan,1,1,45415163,1,7251202
7351,202,7351202,Shubham Shejaval,1,1,13246365,1,7351202
7451,202,7451202,Tanuj Chavan,1,1,62563623,1,7451202
7551,202,7551202,Shubham Shejaval,1,1,46161535,1,7551202
7651,202,7651202,Tanuj Chavan,1,1,11145656,1,7651202
8151,202,8151202,Shubham Shejaval,1,1,54326256,1,8151202
8251,202,8251202,Tanuj Chavan,1,1,56414563,1,8251202
8351,202,8351202,Shubham Shejaval,1,1,26461115,1,8351202
1051,203,1051203,Tanuj Chavan,1,1,36645344,1,1051203
1151,203,1151203,Shubham Shejaval,1,1,66265364,1,1151203
1251,203,1251203,Tanuj Chavan,1,1,55224656,1,1251203
1351,203,1351203,Shubham Shejaval,1,1,51225331,1,1351203
1451,203,1451203,Tanuj Chavan,1,1,52313634,1,1451203
1551,203,1551203,Shubham Shejaval,1,1,44431414,1,1551203
1552,203,1552203,Tanuj Chavan,1,1,14346432,1,1552203
1651,203,1651203,Shubham Shejaval,1,1,15324643,1,1651203
2151,203,2151203,Tanuj Chavan,1,1,51131465,1,2151203
2251,203,2251203,Shubham Shejaval,1,1,64511311,1,2251203
2351,203,2351203,Tanuj Chavan,1,1,15556426,1,2351203
3151,203,3151203,Shubham Shejaval,1,1,12451613,1,3151203
3152,203,3152203,Tanuj Chavan,1,1,22123444,1,3152203
3251,203,3251203,Shubham Shejaval,1,1,43133564,1,3251203
3351,203,3351203,Tanuj Chavan,1,1,35331262,1,3351203
4151,203,4151203,Shubham Shejaval,1,1,16662666,1,4151203
4251,203,4251203,Tanuj Chavan,1,1,36131341,1,4251203
4351,203,4351203,Shubham Shejaval,1,1,43253132,1,4351203
4451,203,4451203,Tanuj Chavan,1,1,32432656,1,4451203
4551,203,4551203,Shubham Shejaval,1,1,12131246,1,4551203
5151,203,5151203,Tanuj Chavan,1,1,42141561,1,5151203
5152,203,5152203,Shubham Shejaval,1,1,16262536,1,5152203
5251,203,5251203,Tanuj Chavan,1,1,62255466,1,5251203
5351,203,5351203,Shubham Shejaval,1,1,62444222,1,5351203
5451,203,5451203,Tanuj Chavan,1,1,51351361,1,5451203
5551,203,5551203,Shubham Shejaval,1,1,31111434,1,5551203
6151,203,6151203,Tanuj Chavan,1,1,15536263,1,6151203
6251,203,6251203,Shubham Shejaval,1,1,25315152,1,6251203
6351,203,6351203,Tanuj Chavan,1,1,44554263,1,6351203
6451,203,6451203,Shubham Shejaval,1,1,61546246,1,6451203
6551,203,6551203,Tanuj Chavan,1,1,55634234,1,6551203
6552,203,6552203,Shubham Shejaval,1,1,42243164,1,6552203
7151,203,7151203,Tanuj Chavan,1,1,16232654,1,7151203
7251,203,7251203,Shubham Shejaval,1,1,63312165,1,7251203
7351,203,7351203,Tanuj Chavan,1,1,21354662,1,7351203
7451,203,7451203,Shubham Shejaval,1,1,34522455,1,7451203
7551,203,7551203,Tanuj Chavan,1,1,46115612,1,7551203
7651,203,7651203,Shubham Shejaval,1,1,21154233,1,7651203
8151,203,8151203,Tanuj Chavan,1,1,36424563,1,8151203
8251,203,8251203,Shubham Shejaval,1,1,11323531,1,8251203
8351,203,8351203,Tanuj Chavan,1,1,12215615,1,8351203
1051,204,1051204,Shubham Shejaval,1,1,31551554,1,1051204
1151,204,1151204,Tanuj Chavan,1,1,41516654,1,1151204
1251,204,1251204,Shubham Shejaval,1,1,63654444,1,1251204
1351,204,1351204,Tanuj Chavan,1,1,24456161,1,1351204
1451,204,1451204,Shubham Shejaval,1,1,65622252,1,1451204
1551,204,1551204,Tanuj Chavan,1,1,32135622,1,1551204
1552,204,1552204,Shubham Shejaval,1,1,51625653,1,1552204
1651,204,1651204,Tanuj Chavan,1,1,51551315,1,1651204
2151,204,2151204,Shubham Shejaval,1,1,65551334,1,2151204
2251,204,2251204,Tanuj Chavan,1,1,66265656,1,2251204
2351,204,2351204,Shubham Shejaval,1,1,46166625,1,2351204
3151,204,3151204,Tanuj Chavan,1,1,26535122,1,3151204
3152,204,3152204,Shubham Shejaval,1,1,52162151,1,3152204
3251,204,3251204,Tanuj Chavan,1,1,22452346,1,3251204
3351,204,3351204,Shubham Shejaval,1,1,65342461,1,3351204
4151,204,4151204,Tanuj Chavan,1,1,41535435,1,4151204
4251,204,4251204,Shubham Shejaval,1,1,21342566,1,4251204
4351,204,4351204,Tanuj Chavan,1,1,26251215,1,4351204
4451,204,4451204,Shubham Shejaval,1,1,43233352,1,4451204
4551,204,4551204,Tanuj Chavan,1,1,21661536,1,4551204
5151,204,5151204,Shubham Shejaval,1,1,51162116,1,5151204
5152,204,5152204,Tanuj Chavan,1,1,61113416,1,5152204
5251,204,5251204,Shubham Shejaval,1,1,61114111,1,5251204
5351,204,5351204,Tanuj Chavan,1,1,64115546,1,5351204
5451,204,5451204,Shubham Shejaval,1,1,46643156,1,5451204
5551,204,5551204,Tanuj Chavan,1,1,66334251,1,5551204
6151,204,6151204,Shubham Shejaval,1,1,62332326,1,6151204
6251,204,6251204,Tanuj Chavan,1,1,56566654,1,6251204
6351,204,6351204,Shubham Shejaval,1,1,51642251,1,6351204
6451,204,6451204,Tanuj Chavan,1,1,35325242,1,6451204
6551,204,6551204,Shubham Shejaval,1,1,26311412,1,6551204
6552,204,6552204,Tanuj Chavan,1,1,34531132,1,6552204
7151,204,7151204,Shubham Shejaval,1,1,32433351,1,7151204
7251,204,7251204,Tanuj Chavan,1,1,46123623,1,7251204
7351,204,7351204,Shubham Shejaval,1,1,23523363,1,7351204
7451,204,7451204,Tanuj Chavan,1,1,31131661,1,7451204
7551,204,7551204,Shubham Shejaval,1,1,36436464,1,7551204
7651,204,7651204,Tanuj Chavan,1,1,33313422,1,7651204
8151,204,8151204,Shubham Shejaval,1,1,64655163,1,8151204
8251,204,8251204,Tanuj Chavan,1,1,21464212,1,8251204
8351,204,8351204,Shubham Shejaval,1,1,16425335,1,8351204
1051,205,1051205,Tanuj Chavan,1,1,61254634,1,1051205
1151,205,1151205,Shubham Shejaval,1,1,33161546,1,1151205
1251,205,1251205,Tanuj Chavan,1,1,15655534,1,1251205
1351,205,1351205,Shubham Shejaval,1,1,34466454,1,1351205
1451,205,1451205,Tanuj Chavan,1,1,25161423,1,1451205
1551,205,1551205,Shubham Shejaval,1,1,61253545,1,1551205
1552,205,1552205,Tanuj Chavan,1,1,11555511,1,1552205
1651,205,1651205,Shubham Shejaval,1,1,11352245,1,1651205
2151,205,2151205,Tanuj Chavan,1,1,21656536,1,2151205
2251,205,2251205,Shubham Shejaval,1,1,51434253,1,2251205
2351,205,2351205,Tanuj Chavan,1,1,31545463,1,2351205
3151,205,3151205,Shubham Shejaval,1,1,16262214,1,3151205
3152,205,3152205,Tanuj Chavan,1,1,32332431,1,3152205
3251,205,3251205,Shubham Shejaval,1,1,26434321,1,3251205
3351,205,3351205,Tanuj Chavan,1,1,16445662,1,3351205
4151,205,4151205,Shubham Shejaval,1,1,41653225,1,4151205
4251,205,4251205,Tanuj Chavan,1,1,13554263,1,4251205
4351,205,4351205,Shubham Shejaval,1,1,14146321,1,4351205
4451,205,4451205,Tanuj Chavan,1,1,55152143,1,4451205
4551,205,4551205,Shubham Shejaval,1,1,11623235,1,4551205
5151,205,5151205,Tanuj Chavan,1,1,56153326,1,5151205
5152,205,5152205,Shubham Shejaval,1,1,25231464,1,5152205
5251,205,5251205,Tanuj Chavan,1,1,42523513,1,5251205
5351,205,5351205,Shubham Shejaval,1,1,34146623,1,5351205
5451,205,5451205,Tanuj Chavan,1,1,35112116,1,5451205
5551,205,5551205,Shubham Shejaval,1,1,11132251,1,5551205
6151,205,6151205,Tanuj Chavan,1,1,34514145,1,6151205
6251,205,6251205,Shubham Shejaval,1,1,11434664,1,6251205
6351,205,6351205,Tanuj Chavan,1,1,56456642,1,6351205
6451,205,6451205,Shubham Shejaval,1,1,66231453,1,6451205
6551,205,6551205,Tanuj Chavan,1,1,52636122,1,6551205
6552,205,6552205,Shubham Shejaval,1,1,33262111,1,6552205
7151,205,7151205,Tanuj Chavan,1,1,24513625,1,7151205
7251,205,7251205,Shubham Shejaval,1,1,12111314,1,7251205
7351,205,7351205,Tanuj Chavan,1,1,51453121,1,7351205
7451,205,7451205,Shubham Shejaval,1,1,22145364,1,7451205
7551,205,7551205,Tanuj Chavan,1,1,46225512,1,7551205
7651,205,7651205,Shubham Shejaval,1,1,14555121,1,7651205
8151,205,8151205,Tanuj Chavan,1,1,12165124,1,8151205
8251,205,8251205,Shubham Shejaval,1,1,55145626,1,8251205
8351,205,8351205,Tanuj Chavan,1,1,36233163,1,8351205
1051,301,1051301,Shubham Shejaval,1,1,63565631,1,1051301
1151,301,1151301,Tanuj Chavan,1,1,31365252,1,1151301
1251,301,1251301,Shubham Shejaval,1,1,46425335,1,1251301
1351,301,1351301,Tanuj Chavan,1,1,53225541,1,1351301
1451,301,1451301,Shubham Shejaval,1,1,35553262,1,1451301
1551,301,1551301,Tanuj Chavan,1,1,51156224,1,1551301
1552,301,1552301,Shubham Shejaval,1,1,62266344,1,1552301
1651,301,1651301,Tanuj Chavan,1,1,45152616,1,1651301
2151,301,2151301,Shubham Shejaval,1,1,46265325,1,2151301
2251,301,2251301,Tanuj Chavan,1,1,66512151,1,2251301
2351,301,2351301,Shubham Shejaval,1,1,12264341,1,2351301
3151,301,3151301,Tanuj Chavan,1,1,21132122,1,3151301
3152,301,3152301,Shubham Shejaval,1,1,44222612,1,3152301
3251,301,3251301,Tanuj Chavan,1,1,43114222,1,3251301
3351,301,3351301,Shubham Shejaval,1,1,21462422,1,3351301
4151,301,4151301,Tanuj Chavan,1,1,46145262,1,4151301
4251,301,4251301,Shubham Shejaval,1,1,66431633,1,4251301
4351,301,4351301,Tanuj Chavan,1,1,35114354,1,4351301
4451,301,4451301,Shubham Shejaval,1,1,64364623,1,4451301
4551,301,4551301,Tanuj Chavan,1,1,45126364,1,4551301
5151,301,5151301,Shubham Shejaval,1,1,65154234,1,5151301
5152,301,5152301,Tanuj Chavan,1,1,11431435,1,5152301
5251,301,5251301,Shubham Shejaval,1,1,55315646,1,5251301
5351,301,5351301,Tanuj Chavan,1,1,51562411,1,5351301
5451,301,5451301,Shubham Shejaval,1,1,31655466,1,5451301
5551,301,5551301,Tanuj Chavan,1,1,61661624,1,5551301
6151,301,6151301,Shubham Shejaval,1,1,64624456,1,6151301
6251,301,6251301,Tanuj Chavan,1,1,23164646,1,6251301
6351,301,6351301,Shubham Shejaval,1,1,64645152,1,6351301
6451,301,6451301,Tanuj Chavan,1,1,33241136,1,6451301
6551,301,6551301,Shubham Shejaval,1,1,45426122,1,6551301
6552,301,6552301,Tanuj Chavan,1,1,35513443,1,6552301
7151,301,7151301,Shubham Shejaval,1,1,14162433,1,7151301
7251,301,7251301,Tanuj Chavan,1,1,64652521,1,7251301
7351,301,7351301,Shubham Shejaval,1,1,31354432,1,7351301
7451,301,7451301,Tanuj Chavan,1,1,63342525,1,7451301
7551,301,7551301,Shubham Shejaval,1,1,36533251,1,7551301
7651,301,7651301,Tanuj Chavan,1,1,46135543,1,7651301
8151,301,8151301,Shubham Shejaval,1,1,65315653,1,8151301
8251,301,8251301,Tanuj Chavan,1,1,63644511,1,8251301
8351,301,8351301,Shubham Shejaval,1,1,65163346,1,8351301
1051,302,1051302,Tanuj Chavan,1,1,24534435,1,1051302
1151,302,1151302,Shubham Shejaval,1,1,42665454,1,1151302
1251,302,1251302,Tanuj Chavan,1,1,42532121,1,1251302
1351,302,1351302,Shubham Shejaval,1,1,55155226,1,1351302
1451,302,1451302,Tanuj Chavan,1,1,46255662,1,1451302
1551,302,1551302,Shubham Shejaval,1,1,36262144,1,1551302
1552,302,1552302,Tanuj Chavan,1,1,62223544,1,1552302
1651,302,1651302,Shubham Shejaval,1,1,61326245,1,1651302
2151,302,2151302,Tanuj Chavan,1,1,22264411,1,2151302
2251,302,2251302,Shubham Shejaval,1,1,32424315,1,2251302
2351,302,2351302,Tanuj Chavan,1,1,53516542,1,2351302
3151,302,3151302,Shubham Shejaval,1,1,53255435,1,3151302
3152,302,3152302,Tanuj Chavan,1,1,26662241,1,3152302
3251,302,3251302,Shubham Shejaval,1,1,32661112,1,3251302
3351,302,3351302,Tanuj Chavan,1,1,42154345,1,3351302
4151,302,4151302,Shubham Shejaval,1,1,54124113,1,4151302
4251,302,4251302,Tanuj Chavan,1,1,51523442,1,4251302
4351,302,4351302,Shubham Shejaval,1,1,53631343,1,4351302
4451,302,4451302,Tanuj Chavan,1,1,64653543,1,4451302
4551,302,4551302,Shubham Shejaval,1,1,22126514,1,4551302
5151,302,5151302,Tanuj Chavan,1,1,45415254,1,5151302
5152,302,5152302,Shubham Shejaval,1,1,24642363,1,5152302
5251,302,5251302,Tanuj Chavan,1,1,51221416,1,5251302
5351,302,5351302,Shubham Shejaval,1,1,54456435,1,5351302
5451,302,5451302,Tanuj Chavan,1,1,65611121,1,5451302
5551,302,5551302,Shubham Shejaval,1,1,51324621,1,5551302
6151,302,6151302,Tanuj Chavan,1,1,42513411,1,6151302
6251,302,6251302,Shubham Shejaval,1,1,56661636,1,6251302
6351,302,6351302,Tanuj Chavan,1,1,41463432,1,6351302
6451,302,6451302,Shubham Shejaval,1,1,12624341,1,6451302
6551,302,6551302,Tanuj Chavan,1,1,51455264,1,6551302
6552,302,6552302,Shubham Shejaval,1,1,66311553,1,6552302
7151,302,7151302,Tanuj Chavan,1,1,66421222,1,7151302
7251,302,7251302,Shubham Shejaval,1,1,12516615,1,7251302
7351,302,7351302,Tanuj Chavan,1,1,41231423,1,7351302
7451,302,7451302,Shubham Shejaval,1,1,45461653,1,7451302
7551,302,7551302,Tanuj Chavan,1,1,23145125,1,7551302
7651,302,7651302,Shubham Shejaval,1,1,52443442,1,7651302
8151,302,8151302,Tanuj Chavan,1,1,53242323,1,8151302
8251,302,8251302,Shubham Shejaval,1,1,62315223,1,8251302
8351,302,8351302,Tanuj Chavan,1,1,61424212,1,8351302
1051,303,1051303,Shubham Shejaval,1,1,42442353,1,1051303
1151,303,1151303,Tanuj Chavan,1,1,24646513,1,1151303
1251,303,1251303,Shubham Shejaval,1,1,44422565,1,1251303
1351,303,1351303,Tanuj Chavan,1,1,64443542,1,1351303
1451,303,1451303,Shubham Shejaval,1,1,36443663,1,1451303
1551,303,1551303,Tanuj Chavan,1,1,33432321,1,1551303
1552,303,1552303,Shubham Shejaval,1,1,33511351,1,1552303
1651,303,1651303,Tanuj Chavan,1,1,23555316,1,1651303
2151,303,2151303,Shubham Shejaval,1,1,13633546,1,2151303
2251,303,2251303,Tanuj Chavan,1,1,22413123,1,2251303
2351,303,2351303,Shubham Shejaval,1,1,54232522,1,2351303
3151,303,3151303,Tanuj Chavan,1,1,11344161,1,3151303
3152,303,3152303,Shubham Shejaval,1,1,14563243,1,3152303
3251,303,3251303,Tanuj Chavan,1,1,65245121,1,3251303
3351,303,3351303,Shubham Shejaval,1,1,64122621,1,3351303
4151,303,4151303,Tanuj Chavan,1,1,16423535,1,4151303
4251,303,4251303,Shubham Shejaval,1,1,15255143,1,4251303
4351,303,4351303,Tanuj Chavan,1,1,21121526,1,4351303
4451,303,4451303,Shubham Shejaval,1,1,16142445,1,4451303
4551,303,4551303,Tanuj Chavan,1,1,25455125,1,4551303
5151,303,5151303,Shubham Shejaval,1,1,23161534,1,5151303
5152,303,5152303,Tanuj Chavan,1,1,53556121,1,5152303
5251,303,5251303,Shubham Shejaval,1,1,23454433,1,5251303
5351,303,5351303,Tanuj Chavan,1,1,16442125,1,5351303
5451,303,5451303,Shubham Shejaval,1,1,33656355,1,5451303
5551,303,5551303,Tanuj Chavan,1,1,12432232,1,5551303
6151,303,6151303,Shubham Shejaval,1,1,64666611,1,6151303
6251,303,6251303,Tanuj Chavan,1,1,16133131,1,6251303
6351,303,6351303,Shubham Shejaval,1,1,24432141,1,6351303
6451,303,6451303,Tanuj Chavan,1,1,43244255,1,6451303
6551,303,6551303,Shubham Shejaval,1,1,43362353,1,6551303
6552,303,6552303,Tanuj Chavan,1,1,26352266,1,6552303
7151,303,7151303,Shubham Shejaval,1,1,46223256,1,7151303
7251,303,7251303,Tanuj Chavan,1,1,21232135,1,7251303
7351,303,7351303,Shubham Shejaval,1,1,56632124,1,7351303
7451,303,7451303,Tanuj Chavan,1,1,64534165,1,7451303
7551,303,7551303,Shubham Shejaval,1,1,23135635,1,7551303
7651,303,7651303,Tanuj Chavan,1,1,45116125,1,7651303
8151,303,8151303,Shubham Shejaval,1,1,42556521,1,8151303
8251,303,8251303,Tanuj Chavan,1,1,52552526,1,8251303
8351,303,8351303,Shubham Shejaval,1,1,54446462,1,8351303
1051,304,1051304,Tanuj Chavan,1,1,54536154,1,1051304
1151,304,1151304,Shubham Shejaval,1,1,56445246,1,1151304
1251,304,1251304,Tanuj Chavan,1,1,16612144,1,1251304
1351,304,1351304,Shubham Shejaval,1,1,13451546,1,1351304
1451,304,1451304,Tanuj Chavan,1,1,51453263,1,1451304
1551,304,1551304,Shubham Shejaval,1,1,26163235,1,1551304
1552,304,1552304,Tanuj Chavan,1,1,52151525,1,1552304
1651,304,1651304,Shubham Shejaval,1,1,44361164,1,1651304
2151,304,2151304,Tanuj Chavan,1,1,31551364,1,2151304
2251,304,2251304,Shubham Shejaval,1,1,41323163,1,2251304
2351,304,2351304,Tanuj Chavan,1,1,44525356,1,2351304
3151,304,3151304,Shubham Shejaval,1,1,66654464,1,3151304
3152,304,3152304,Tanuj Chavan,1,1,25153321,1,3152304
3251,304,3251304,Shubham Shejaval,1,1,46134211,1,3251304
3351,304,3351304,Tanuj Chavan,1,1,33545433,1,3351304
4151,304,4151304,Shubham Shejaval,1,1,21141653,1,4151304
4251,304,4251304,Tanuj Chavan,1,1,61532213,1,4251304
4351,304,4351304,Shubham Shejaval,1,1,45645253,1,4351304
4451,304,4451304,Tanuj Chavan,1,1,34113156,1,4451304
4551,304,4551304,Shubham Shejaval,1,1,53141416,1,4551304
5151,304,5151304,Tanuj Chavan,1,1,46213663,1,5151304
5152,304,5152304,Shubham Shejaval,1,1,56363646,1,5152304
5251,304,5251304,Tanuj Chavan,1,1,23532154,1,5251304
5351,304,5351304,Shubham Shejaval,1,1,56261354,1,5351304
5451,304,5451304,Tanuj Chavan,1,1,51334142,1,5451304
5551,304,5551304,Shubham Shejaval,1,1,61554331,1,5551304
6151,304,6151304,Tanuj Chavan,1,1,61621341,1,6151304
6251,304,6251304,Shubham Shejaval,1,1,52651325,1,6251304
6351,304,6351304,Tanuj Chavan,1,1,66256531,1,6351304
6451,304,6451304,Shubham Shejaval,1,1,34266213,1,6451304
6551,304,6551304,Tanuj Chavan,1,1,11513244,1,6551304
6552,304,6552304,Shubham Shejaval,1,1,21532263,1,6552304
7151,304,7151304,Tanuj Chavan,1,1,33142333,1,7151304
7251,304,7251304,Shubham Shejaval,1,1,52234342,1,7251304
7351,304,7351304,Tanuj Chavan,1,1,21625432,1,7351304
7451,304,7451304,Shubham Shejaval,1,1,22141334,1,7451304
7551,304,7551304,Tanuj Chavan,1,1,22222256,1,7551304
7651,304,7651304,Shubham Shejaval,1,1,46152112,1,7651304
8151,304,8151304,Tanuj Chavan,1,1,54135644,1,8151304
8251,304,8251304,Shubham Shejaval,1,1,55665114,1,8251304
8351,304,8351304,Tanuj Chavan,1,1,33256352,1,8351304
1051,305,1051305,Shubham Shejaval,1,1,31662356,1,1051305
1151,305,1151305,Tanuj Chavan,1,1,56452366,1,1151305
1251,305,1251305,Shubham Shejaval,1,1,41315136,1,1251305
1351,305,1351305,Tanuj Chavan,1,1,14621153,1,1351305
1451,305,1451305,Shubham Shejaval,1,1,25162562,1,1451305
1551,305,1551305,Tanuj Chavan,1,1,52341421,1,1551305
1552,305,1552305,Shubham Shejaval,1,1,66245132,1,1552305
1651,305,1651305,Tanuj Chavan,1,1,21353125,1,1651305
2151,305,2151305,Shubham Shejaval,1,1,63264244,1,2151305
2251,305,2251305,Tanuj Chavan,1,1,22456546,1,2251305
2351,305,2351305,Shubham Shejaval,1,1,31412111,1,2351305
3151,305,3151305,Tanuj Chavan,1,1,15311414,1,3151305
3152,305,3152305,Shubham Shejaval,1,1,24515634,1,3152305
3251,305,3251305,Tanuj Chavan,1,1,15223524,1,3251305
3351,305,3351305,Shubham Shejaval,1,1,43226115,1,3351305
4151,305,4151305,Tanuj Chavan,1,1,55655326,1,4151305
4251,305,4251305,Shubham Shejaval,1,1,42416215,1,4251305
4351,305,4351305,Tanuj Chavan,1,1,31526526,1,4351305
4451,305,4451305,Shubham Shejaval,1,1,23533622,1,4451305
4551,305,4551305,Tanuj Chavan,1,1,23235531,1,4551305
5151,305,5151305,Shubham Shejaval,1,1,64563565,1,5151305
5152,305,5152305,Tanuj Chavan,1,1,41164212,1,5152305
5251,305,5251305,Shubham Shejaval,1,1,53664513,1,5251305
5351,305,5351305,Tanuj Chavan,1,1,63446436,1,5351305
5451,305,5451305,Shubham Shejaval,1,1,36643221,1,5451305
5551,305,5551305,Tanuj Chavan,1,1,62261336,1,5551305
6151,305,6151305,Shubham Shejaval,1,1,15345656,1,6151305
6251,305,6251305,Tanuj Chavan,1,1,14512535,1,6251305
6351,305,6351305,Shubham Shejaval,1,1,35141362,1,6351305
6451,305,6451305,Tanuj Chavan,1,1,34426555,1,6451305
6551,305,6551305,Shubham Shejaval,1,1,64454516,1,6551305
6552,305,6552305,Tanuj Chavan,1,1,11112316,1,6552305
7151,305,7151305,Shubham Shejaval,1,1,63224633,1,7151305
7251,305,7251305,Tanuj Chavan,1,1,63246521,1,7251305
7351,305,7351305,Shubham Shejaval,1,1,55546456,1,7351305
7451,305,7451305,Tanuj Chavan,1,1,32365353,1,7451305
7551,305,7551305,Shubham Shejaval,1,1,66155221,1,7551305
7651,305,7651305,Tanuj Chavan,1,1,21145236,1,7651305
8151,305,8151305,Shubham Shejaval,1,1,63622125,1,8151305
8251,305,8251305,Tanuj Chavan,1,1,43435152,1,8251305
8351,305,8351305,Shubham Shejaval,1,1,53216343,1,8351305